GP1: [[0,0],[584,274]]
     [[[5,7],[97,273]],[[85,35],[273,267]],[[299,7],[475,253]],[[495,11],[583,255]]]

GP2: [[5,319],[581,679]]
     [[[6,469],[81,641]],[[79,463],[237,683]],[[247,439],[377,695]],[[393,465],[575,677]]]

GP3: [[225,731],[581,1023]]
     [[[215,817],[325,961]],[[315,835],[433,1009]],[[443,819],[563,1007]]]

 GP4: [[67,787],[211,989]]
     [[[99,811],[191,977]]]




Group : [[[0,0],[581,267]],[[5,319],[581,679]],[[225,731],[581,1023]],[[67,787],[211,989]]]


[[[5,7],[97,273]],[[85,35],[273,267]],[[299,7],[475,253]],[[495,11],[583,255]],[[3,469],[81,641]],[[79,463],[237,683]],[[247,439],[377,695]],[[393,465],[575,677]],[[215,817],[325,961]],[[315,835],[433,1009]],[[443,819],[563,1007]],[[99,811],[191,977]]]